722 2793
92.3957595825 80.0 7.70688772202
89.9303359985 80.0 18.3566551208
92.7006454468 80.0 28.8894500732
90.0648040771 80.0 40.401725769
92.7792816162 80.0 51.3238067627
90.3428726196 80.0 63.0455589294
93.4436950684 80.0 74.0010147095
92.5197601318 80.0 86.3826751709
83.1178894043 80.0 9.15639591217
72.0343017578 80.0 9.63474082947
60.7452926636 80.0 9.75142097473
49.4172363281 80.0 9.76321983337
38.0009841919 80.0 9.70577049255
26.1571598053 80.0 9.4068069458
12.5345544815 80.0 8.21013641357
77.8269729614 80.0 19.541009903
83.380569458 80.0 29.9325294495
66.2869873047 80.0 19.9160346985
71.9907531738 80.0 30.616765976
77.9553451538 80.0 41.6025428772
83.520401001 80.0 52.55884552
66.2992858887 80.0 42.0617866516
72.1406707764 80.0 53.3962745667
54.8145713806 80.0 19.996131897
60.4503860474 80.0 30.8260269165
43.293422699 80.0 19.9738407135
48.8791503906 80.0 30.8495159149
54.7100944519 80.0 42.1689414978
60.5770988464 80.0 53.6639213562
43.0796470642 80.0 42.1415100098
48.9771232605 80.0 53.6952972412
78.4168701172 80.0 64.5576400757
84.7006454468 80.0 75.5609970093
66.8272705078 80.0 65.1346969604
73.5558929443 80.0 76.5168609619
81.0838623047 80.0 87.8925094604
69.7610778809 80.0 88.3262786865
55.271900177 80.0 65.2726364136
62.1208953857 80.0 76.808921814
43.6701927185 80.0 65.2373199463
50.6352157593 80.0 76.8481674194
58.4428253174 80.0 88.4213027954
47.0954856873 80.0 88.4107131958
31.5666465759 80.0 19.7846851349
37.1997528076 80.0 30.7550163269
19.3765964508 80.0 19.1237125397
25.0580177307 80.0 30.3383998871
31.2544631958 80.0 41.9065704346
37.2689056396 80.0 53.5727462769
19.0436687469 80.0 41.1644630432
25.0998516083 80.0 53.0611610413
8.75013065338 80.0 17.9742012024
11.625711441 80.0 29.2177066803
8.54625511169 80.0 40.06275177
11.6429433823 80.0 51.7185668945
31.855091095 80.0 64.9719390869
39.04114151 80.0 76.7469558716
19.5502853394 80.0 64.1092300415
26.9179325104 80.0 76.3071899414
35.6107330322 80.0 88.307182312
23.6837902069 80.0 88.044052124
8.81765460968 80.0 62.7081031799
12.8843927383 80.0 74.9481811523
11.6116828918 80.0 88.3131866455
70.0 33.9402160645 7.70246553421
70.0 22.6017627716 9.11513900757
70.0 10.4578361511 9.59379863739
70.0 34.544178009 18.2648677826
70.0 39.4227333069 28.7990074158
70.0 19.1670837402 19.0425624847
70.0 26.7973976135 29.4994525909
70.0 36.1084098816 40.1770248413
70.0 39.7577934265 51.1799354553
70.0 20.4436855316 40.6207809448
70.0 27.2566013336 51.9301719666
70.0 8.33502578735 18.2500152588
70.0 11.8983011246 29.1081943512
70.0 8.8476934433 39.9510269165
70.0 12.1399049759 51.4563789368
70.0 36.1646080017 62.7812004089
70.0 39.653678894 73.8792266846
70.0 20.4609966278 63.4003829956
70.0 27.0814819336 75.0232543945
70.0 35.5268440247 86.2780227661
70.0 19.8579883575 87.5148391724
70.0 8.82929801941 62.546169281
70.0 11.8591632843 74.6580047607
70.0 7.35361671448 88.2161407471
70.0 50.0 88.8911056519
70.0 50.0 77.7777709961
70.0 50.0 66.6644439697
70.0 50.0 55.551109314
70.0 50.0 44.4377746582
70.0 50.0 33.3244400024
70.0 50.0 22.211107254
70.0 50.0 11.0977745056
53.0081481934 50.0 92.3246154785
41.5616073608 50.0 90.8640289307
53.6722564697 50.0 82.0548477173
58.3014755249 50.0 71.5355300903
54.8140792847 50.0 60.3996963501
58.5275192261 50.0 49.2859191895
39.7108650208 50.0 82.1217041016
43.6813774109 50.0 71.4419250488
40.3326263428 50.0 60.4682426453
43.9144248962 50.0 49.2074279785
54.8191375732 50.0 37.8974380493
58.4238090515 50.0 26.5210590363
54.299030304 50.0 13.9104566574
40.3230743408 50.0 37.9834442139
43.622718811 50.0 26.1040019989
38.4931640625 50.0 12.1426525116
30.0 50.0 88.8911056519
30.0 50.0 77.7777709961
30.0 50.0 66.6644439697
30.0 50.0 55.551109314
30.0 50.0 44.4377746582
30.0 50.0 33.3244400024
30.0 50.0 22.211107254
30.0 50.0 11.0977745056
30.0 33.9402160645 92.2938766479
30.0 22.6017627716 90.8823318481
30.0 10.4578361511 90.4024200439
30.0 34.544178009 81.7292251587
30.0 39.4227333069 71.1935653687
30.0 19.1670837402 80.9530410767
30.0 26.7973976135 70.4954299927
30.0 36.1084098816 59.8162155151
30.0 39.7577934265 48.8125
30.0 20.4436855316 59.3739089966
30.0 27.2566013336 48.0644950867
30.0 8.33502578735 81.743057251
30.0 11.8983011246 70.8851776123
30.0 8.8476934433 60.0414237976
30.0 12.1399049759 48.5368461609
30.0 36.1646080017 37.2120704651
30.0 39.653678894 26.1135101318
30.0 20.4609966278 36.5943717957
30.0 27.0814819336 24.9719429016
30.0 35.5268440247 13.7169828415
30.0 19.8579883575 12.4820737839
30.0 8.82929801941 37.4463348389
30.0 11.8591632843 25.3357524872
30.0 7.35361671448 11.7788276672
100.0 80.0 88.8911056519
100.0 80.0 77.7777709961
100.0 80.0 66.6644439697
100.0 80.0 55.551109314
100.0 80.0 44.4377746582
100.0 80.0 33.3244400024
100.0 80.0 22.211107254
100.0 80.0 11.0977745056
100.0 71.7794952393 7.70688772202
100.0 61.9075317383 9.15639591217
100.0 50.3302345276 9.63138866425
100.0 38.6556510925 9.69061946869
100.0 26.603017807 9.4068069458
100.0 12.7543497086 8.21013641357
100.0 68.7756729126 18.3566551208
100.0 71.636138916 28.8894500732
100.0 68.6276702881 40.401725769
100.0 71.6429977417 51.3010635376
100.0 55.7240142822 19.541009903
100.0 61.3290557861 29.9325294495
100.0 43.7115592957 19.8906879425
100.0 49.2452468872 30.6130943298
100.0 55.3778877258 41.6025428772
100.0 61.333026886 52.5374946594
100.0 43.2252006531 42.0300712585
100.0 49.2141723633 53.4042739868
100.0 68.8662414551 62.9112930298
100.0 72.1392745972 73.4165344238
100.0 70.1921463013 83.940864563
100.0 55.7473602295 64.5267562866
100.0 62.3994369507 75.0770721436
100.0 43.46900177 65.2014389038
100.0 50.2648963928 76.7925643921
100.0 58.7785186768 87.7595901489
100.0 44.8366584778 90.0882644653
100.0 31.8105297089 19.7816314697
100.0 37.3301467896 30.7278556824
100.0 19.5232543945 19.1237125397
100.0 25.1151065826 30.3383998871
100.0 31.2755737305 41.9022865295
100.0 37.2386932373 53.5594215393
100.0 19.050786972 41.1644630432
100.0 24.991191864 53.0598144531
100.0 8.81551265717 17.9742012024
100.0 11.6526632309 29.2177066803
100.0 8.54898071289 40.06275177
100.0 11.5727033615 51.7015953064
100.0 31.2985229492 65.0297470093
100.0 37.5064544678 77.0985870361
100.0 18.9827404022 64.0378341675
100.0 24.7658882141 76.2804946899
100.0 30.5014362335 88.5859603882
100.0 18.3285923004 87.607925415
100.0 8.51064682007 62.6204414368
100.0 11.4013538361 74.5191726685
100.0 8.30140781403 85.8202667236
30.0 12.5000019073 0.0
30.0 25.0025024414 0.0
30.0 37.5050010681 0.0
30.0 50.0 0.0
43.3306694031 50.0 0.0
56.6666679382 50.0 0.0
70.0 50.0 0.0
70.0 37.4999961853 0.0
70.0 24.9974975586 0.0
70.0 12.4949979782 0.0
100.0 68.5782852173 0.0
100.0 57.1474266052 0.0
100.0 45.7165679932 0.0
100.0 34.2857131958 0.0
100.0 22.8548545837 0.0
100.0 11.423997879 0.0
100.0 80.0 0.0
88.8911056519 80.0 0.0
77.7777709961 80.0 0.0
66.6644439697 80.0 0.0
55.551109314 80.0 0.0
44.4377746582 80.0 0.0
33.3244400024 80.0 0.0
22.211107254 80.0 0.0
11.0977745056 80.0 0.0
7.68177032471 71.8391647339 0.0
9.09092903137 62.0456047058 0.0
9.52870750427 50.5149879456 0.0
9.59672832489 38.7587738037 0.0
9.40077209473 26.5646038055 0.0
8.303647995 12.5107660294 0.0
18.2046222687 69.020904541 0.0
28.6202449799 71.9105606079 0.0
39.6021347046 69.1012954712 0.0
50.7421302795 71.5632019043 0.0
19.2667865753 56.148311615 0.0
29.1889343262 62.1683120728 0.0
19.5825405121 44.004776001 0.0
38.7723617554 58.2703704834 0.0
50.8397521973 60.6262435913 0.0
62.2593994141 68.7719726562 0.0
73.1223068237 71.6553649902 0.0
83.7992858887 69.6815414429 0.0
63.0189552307 57.8513946533 0.0
74.3201904297 60.3208770752 0.0
78.8508834839 47.2646713257 0.0
88.0296096802 57.7604408264 0.0
90.8792877197 43.6899642944 0.0
19.5798072815 31.8219032288 0.0
19.4142971039 19.296869278 0.0
19.5896072388 7.39172935486 0.0
79.7655715942 34.1215324402 0.0
79.5915527344 21.499370575 0.0
89.8135986328 29.1099967957 0.0
89.2937011719 17.2865486145 0.0
79.3433303833 9.98838329315 0.0
87.6693878174 7.84688282013 0.0
0.0 11.4217157364 0.0
0.0 22.8525733948 0.0
0.0 34.2834320068 0.0
0.0 45.7142868042 0.0
0.0 57.1451454163 0.0
0.0 68.5760040283 0.0
0.0 80.0 0.0
0.0 80.0 88.8911056519
0.0 80.0 77.7777709961
0.0 80.0 66.6644439697
0.0 80.0 55.551109314
0.0 80.0 44.4377746582
0.0 80.0 33.3244400024
0.0 80.0 22.211107254
0.0 80.0 11.0977745056
0.0 71.7794952393 92.2896652222
0.0 61.9075317383 90.8420257568
0.0 50.3302345276 90.3681945801
0.0 38.6556510925 90.3091583252
0.0 26.603017807 90.5923233032
0.0 12.7543497086 91.7870101929
0.0 68.7756729126 81.6380691528
0.0 71.636138916 71.1035385132
0.0 68.6276702881 59.5922927856
0.0 71.6429977417 48.6918029785
0.0 55.7240142822 80.4574127197
0.0 61.3290557861 70.0641784668
0.0 43.7115592957 80.1089172363
0.0 49.2452468872 69.3860244751
0.0 55.3778877258 58.3955230713
0.0 61.333026886 47.4590759277
0.0 43.2252006531 57.9694404602
0.0 49.2141723633 46.5947952271
0.0 68.8662414551 37.082698822
0.0 72.1392745972 26.5763835907
0.0 70.1921463013 16.0537147522
0.0 55.7473602295 35.4712791443
0.0 62.3994369507 24.919588089
0.0 43.46900177 34.7980613708
0.0 50.2648963928 23.2065448761
0.0 58.7785186768 12.2390174866
0.0 44.8366584778 9.91145992279
0.0 31.8105297089 80.2176513672
0.0 37.3301467896 69.2716751099
0.0 19.5232543945 80.8735656738
0.0 25.1151065826 69.6597595215
0.0 31.2755737305 58.0967941284
0.0 37.2386932373 46.4400863647
0.0 19.050786972 58.8321342468
0.0 24.991191864 46.938243866
0.0 8.81551265717 82.0193328857
0.0 11.6526632309 70.7764434814
0.0 8.54898071289 59.9301376343
0.0 11.5727033615 48.2924079895
0.0 31.2985229492 34.9693450928
0.0 37.5064544678 22.9009571075
0.0 18.9827404022 35.9587860107
0.0 24.7658882141 23.7177734375
0.0 30.5014362335 11.413523674
0.0 18.3285923004 12.3900079727
0.0 8.51064682007 37.3724632263
0.0 11.4013538361 25.4751224518
0.0 8.30140781403 14.1739006042
100.0 0.0 88.8911056519
100.0 0.0 77.7777709961
100.0 0.0 66.6644439697
100.0 0.0 55.551109314
100.0 0.0 44.4377746582
100.0 0.0 33.3244400024
100.0 0.0 22.211107254
100.0 0.0 11.0977745056
100.0 0.0 0.0
90.0019989014 0.0 0.0
80.0 0.0 0.0
70.0 0.0 0.0
70.0 0.0 88.8911056519
70.0 0.0 77.7777709961
70.0 0.0 66.6644439697
70.0 0.0 55.551109314
70.0 0.0 44.4377746582
70.0 0.0 33.3244400024
70.0 0.0 22.211107254
70.0 0.0 11.0977745056
92.2628707886 0.0 7.33446931839
81.5295562744 0.0 7.7032828331
89.5295715332 0.0 17.6342525482
92.1831588745 0.0 28.3897705078
89.536857605 0.0 39.5766563416
92.2228240967 0.0 50.7050704956
78.5808792114 0.0 17.5205020905
81.3044662476 0.0 28.463514328
78.5786895752 0.0 39.5096092224
81.350112915 0.0 50.7837791443
89.727104187 0.0 62.0938606262
92.8712768555 0.0 73.470413208
92.2835083008 0.0 86.083442688
78.7367019653 0.0 62.0076255798
82.0966033936 0.0 73.8878936768
80.756942749 0.0 87.8515014648
100.0 11.4217157364 100.0
100.0 22.8525733948 100.0
100.0 34.2834320068 100.0
100.0 45.7142868042 100.0
100.0 57.1451454163 100.0
100.0 68.5760040283 100.0
100.0 0.0 100.0
79.9980010986 0.0 100.0
90.0 0.0 100.0
70.0 0.0 100.0
70.0 12.5000019073 100.0
70.0 25.0025024414 100.0
70.0 37.5050010681 100.0
70.0 50.0 100.0
56.6693305969 50.0 100.0
43.3333320618 50.0 100.0
30.0 50.0 100.0
30.0 37.4999961853 100.0
30.0 24.9974975586 100.0
30.0 12.4949979782 100.0
0.0 68.5782852173 100.0
0.0 57.1474266052 100.0
0.0 45.7165679932 100.0
0.0 34.2857131958 100.0
0.0 22.8548545837 100.0
0.0 11.423997879 100.0
0.0 80.0 100.0
100.0 80.0 100.0
11.1088924408 80.0 100.0
22.2222251892 80.0 100.0
33.335559845 80.0 100.0
44.448890686 80.0 100.0
55.5622253418 80.0 100.0
66.6755599976 80.0 100.0
77.7888946533 80.0 100.0
88.9022293091 80.0 100.0
92.3182296753 71.8391647339 100.0
90.909072876 62.0456047058 100.0
90.4712905884 50.5149879456 100.0
90.4032745361 38.7587738037 100.0
90.5992279053 26.5646038055 100.0
91.6963500977 12.5107660294 100.0
81.7953796387 69.020904541 100.0
71.3797531128 71.9105606079 100.0
60.3978652954 69.1012954712 100.0
49.2578697205 71.5632019043 100.0
80.733215332 56.148311615 100.0
70.8110656738 62.1683120728 100.0
80.4174575806 44.004776001 100.0
61.2276382446 58.2703704834 100.0
49.1602478027 60.6262435913 100.0
37.7406005859 68.7719726562 100.0
26.8776912689 71.6553649902 100.0
16.200712204 69.6815414429 100.0
36.9810447693 57.8513946533 100.0
25.6798114777 60.3208770752 100.0
21.1491203308 47.2646713257 100.0
11.9703922272 57.7604408264 100.0
9.1207151413 43.6899642944 100.0
80.4201965332 31.8219032288 100.0
80.5857009888 19.296869278 100.0
80.4103927612 7.39172935486 100.0
20.2344245911 34.1215324402 100.0
20.4084453583 21.499370575 100.0
10.1863994598 29.1099967957 100.0
10.7062950134 17.2865486145 100.0
20.656665802 9.98838329315 100.0
12.3306093216 7.84688282013 100.0
20.0019989014 0.0 0.0
9.99999904633 0.0 0.0
0.0 0.0 0.0
0.0 0.0 88.8911056519
0.0 0.0 77.7777709961
0.0 0.0 66.6644439697
0.0 0.0 55.551109314
0.0 0.0 44.4377746582
0.0 0.0 33.3244400024
0.0 0.0 22.211107254
0.0 0.0 11.0977745056
0.0 0.0 100.0
9.99800109863 0.0 100.0
20.0 0.0 100.0
30.0 0.0 100.0
30.0 0.0 0.0
30.0 0.0 88.8911056519
30.0 0.0 77.7777709961
30.0 0.0 66.6644439697
30.0 0.0 55.551109314
30.0 0.0 44.4377746582
30.0 0.0 33.3244400024
30.0 0.0 22.211107254
30.0 0.0 11.0977745056
22.2628726959 0.0 7.33446931839
11.5295562744 0.0 7.7032828331
19.5295696259 0.0 17.6342525482
22.1831607819 0.0 28.3897705078
19.5368595123 0.0 39.5766563416
22.2228279114 0.0 50.7050704956
8.58088207245 0.0 17.5205020905
11.3044633865 0.0 28.463514328
8.57868766785 0.0 39.5096092224
11.350110054 0.0 50.7837791443
19.7271003723 0.0 62.0938606262
22.8712768555 0.0 73.470413208
22.2835063934 0.0 86.083442688
8.73670387268 0.0 62.0076255798
12.0966062546 0.0 73.8878936768
10.7569389343 0.0 87.8515014648
45.9345397949 71.6049118042 80.1405105591
53.1773452759 71.4033737183 88.1651382446
64.4241104126 71.1650924683 90.0914535522
52.0049552917 60.1548995972 89.5591278076
41.5323944092 72.7473297119 91.6418914795
21.9683380127 12.5396738052 86.1588363647
20.3528003693 7.97211742401 77.4108810425
17.6505069733 26.9805908203 90.5245895386
11.6724100113 10.5304012299 90.0401306152
18.482711792 16.8243618011 80.1685409546
17.8045425415 5.34499645233 94.1698303223
48.2634353638 66.6331558228 7.64172697067
66.6611862183 65.3784561157 7.23799848557
54.9784584045 73.2189178467 9.27201557159
18.5723438263 7.5540933609 10.983625412
12.0071372986 34.8871421814 56.3187332153
20.1604290009 28.1785621643 62.983921051
19.1131019592 36.5032653809 69.5376968384
7.75124025345 30.9942321777 64.6251907349
9.63576793671 43.1328811646 64.5985794067
8.37435913086 35.9439735413 74.4306869507
12.6249008179 52.4530181885 19.0026683807
19.836938858 46.3726539612 32.9712638855
9.00760650635 47.9172782898 30.2070465088
20.9193172455 42.9482650757 20.6363162994
20.7767486572 39.5758171082 8.37840557098
20.4367580414 30.5063877106 20.213760376
20.1809501648 35.279624939 30.5004463196
9.48822116852 41.611656189 18.2886123657
9.15223121643 41.106502533 42.163028717
9.12316036224 7.73996734619 10.4238052368
21.0526123047 43.7157058716 42.5216140747
20.3634109497 54.9116096497 36.2542953491
91.8148498535 20.8025112152 45.7913093567
92.3300018311 30.6722888947 36.3311691284
87.805809021 32.7800979614 44.984703064
85.7267913818 41.6612625122 38.6015625
91.9003295898 34.3472518921 26.7934741974
92.0966262817 21.2260093689 25.3428840637
91.3572235107 61.6967697144 40.8030509949
79.4324035645 45.5082473755 16.4535598755
79.1302108765 47.5873756409 27.7889957428
90.3860015869 57.4293518066 29.1307735443
92.5605239868 52.0690803528 18.4690876007
91.0465698242 44.4850540161 22.9016532898
81.6484527588 55.3006896973 35.6020088196
80.7592926025 56.3208427429 21.309129715
80.4369888306 40.3641319275 35.8820800781
55.3981246948 71.0464630127 50.4039802551
50.6610641479 71.5505447388 41.4146690369
48.5469932556 70.1103897095 34.2062530518
36.8604736328 70.1671295166 43.9981765747
44.4171142578 71.1796798706 57.0065078735
49.1309280396 58.6678581238 47.3058357239
43.7256164551 60.9945487976 36.8924179077
58.1053314209 59.7407913208 41.6463050842
64.6206130981 71.6561508179 37.1705207825
77.4692153931 14.1528339386 56.563205719
79.2571563721 20.5140075684 47.4114227295
87.1741714478 26.0010166168 58.8755149841
77.9225463867 35.5118751526 56.8932418823
78.7115859985 22.5568275452 69.2778396606
91.5693588257 35.8158187866 57.7415618896
80.0769195557 27.6288318634 8.91162967682
89.7779846191 35.8177986145 69.2197189331
90.9220962524 24.5378875732 71.5228042603
78.8027038574 35.5246124268 46.9579849243
87.0151596069 32.2783889771 92.9719619751
91.0194168091 38.6992950439 88.7150726318
90.2244110107 29.7567634583 81.6185150146
92.8230438232 18.9905910492 91.968963623
79.630355835 26.1869773865 87.9605178833
79.0294723511 37.759563446 80.5982971191
19.376832962 11.3531341553 19.7304801941
23.6645431519 59.797832489 44.2665367126
33.6695404053 59.4182014465 30.1861400604
86.3810424805 71.5583343506 35.0237503052
11.3928909302 66.7202148438 81.9471893311
6.94498872757 68.890296936 92.6451263428
9.87354469299 62.2921562195 62.3286705017
23.5026912689 70.7792358398 71.7686920166
22.0444908142 70.5065155029 59.8554878235
8.08912467957 73.2426376343 70.112663269
68.3514404297 72.1321258545 15.9132461548
77.4759902954 15.2466754913 33.827457428
85.3537826538 7.39277839661 36.2725296021
6.93206977844 69.8581619263 22.4341526031
12.6144542694 62.0383911133 17.4601650238
24.5908432007 71.5646286011 19.8084335327
14.0435438156 72.8501739502 15.9068613052
17.7487010956 63.5343475342 8.86754417419
78.5106506348 71.6083984375 48.6906700134
73.853729248 72.0162963867 61.5760192871
8.77519226074 69.0605773926 8.4527759552
19.3444786072 51.7264900208 12.3716411591
9.2812833786 54.217086792 7.30302047729
9.4049243927 57.4713096619 27.9276599884
21.6509647369 43.6622428894 75.2922210693
17.9695110321 37.5426902771 85.1703262329
9.25298595428 21.1116085052 74.2208328247
21.6396961212 25.5670661926 78.2915267944
22.1027145386 39.176864624 64.5274124146
88.1801300049 58.386177063 69.9219818115
91.3746795654 57.4389724731 83.572807312
85.5411529541 63.173614502 79.2847137451
79.6939315796 71.1287078857 72.7558288574
93.1394042969 69.3289337158 71.1602249146
75.5442886353 72.0529785156 85.0343093872
79.5266113281 62.1694450378 92.4604721069
81.2634735107 51.625328064 90.5999526978
9.70708179474 18.2848243713 6.56851911545
75.4726867676 61.4184761047 69.5230407715
73.5949935913 60.1005973816 81.6342773438
86.965385437 72.9489212036 86.1159362793
91.9616928101 66.2019805908 91.606010437
78.2369155884 50.0594291687 75.8108901978
86.1742553711 7.54211902618 93.5484924316
94.3342208862 8.38310527802 94.6612167358
86.8247680664 7.15679931641 82.4255828857
78.6381149292 16.0671386719 79.7980422974
90.3531494141 8.63137245178 75.1330566406
77.9845275879 10.205037117 68.5976715088
44.3992805481 58.9690132141 82.0313568115
35.3470611572 60.0434761047 91.8915328979
10.8819894791 32.2755622864 6.7676615715
64.7414550781 60.9580764771 85.9012832642
58.4088668823 61.5191917419 77.6787033081
35.1547584534 71.4147262573 63.1113204956
32.3980064392 71.6639480591 52.0703849792
51.8000717163 71.219871521 67.8989639282
49.5386962891 59.4372634888 70.2734603882
8.70943450928 62.5044631958 38.9964370728
12.4022912979 50.8315238953 46.6279602051
76.9674453735 6.22288036346 94.5844039917
78.0920944214 12.6687583923 92.2295074463
66.8467941284 59.4365081787 35.8439941406
85.1211853027 6.98714351654 59.5049858093
89.8837890625 46.3165817261 32.253704071
77.7159957886 45.7612571716 49.2275657654
90.1175079346 56.4357261658 50.3322906494
89.9772491455 46.4692420959 45.3326148987
21.3133659363 14.6078262329 42.8614082336
8.50215053558 19.8123188019 40.8295707703
20.3500652313 19.7429008484 30.2489871979
8.50641345978 7.4040184021 34.1044845581
22.3887691498 7.18385744095 32.5873565674
9.19378471375 10.1568584442 26.3944225311
62.2457847595 59.7122192383 69.6805648804
59.0535507202 71.1372909546 75.7506332397
68.4089660645 69.4207763672 79.9413146973
8.59345340729 55.9715461731 73.6354064941
7.96758747101 52.1742858887 60.5387878418
19.7253475189 52.2294921875 53.8335380554
7.70413303375 56.5494041443 49.6120033264
89.2991714478 9.30282402039 9.65131759644
20.1408939362 55.9623184204 65.2060775757
11.7047643661 48.07213974 71.7329559326
69.1171112061 61.3812255859 57.9092788696
64.2593688965 71.4494857788 59.5470619202
68.244468689 71.5068664551 69.2341308594
65.7819519043 72.0014724731 49.1210098267
56.921710968 61.2146835327 57.567111969
91.5233154297 14.292673111 59.0369491577
91.1989517212 14.9532175064 82.5879898071
78.2724761963 70.0738754272 25.2687683105
92.7224121094 67.7225189209 27.5982761383
91.7266998291 70.1968841553 54.1326637268
8.61887359619 22.1605415344 27.9479160309
76.1137161255 69.4425201416 38.2605133057
7.58170509338 58.5134239197 88.6278152466
20.2973499298 47.4624557495 87.8127059937
7.19588708878 44.165927887 85.6029205322
20.9873962402 57.7519645691 80.2870864868
19.5886669159 62.7994232178 91.9060134888
22.3220367432 15.4344921112 67.0904083252
20.0759468079 22.6254138947 52.2965774536
57.0984725952 69.8511886597 20.1272315979
59.137348175 61.0463638306 16.5182380676
45.4128112793 59.16431427 14.6871109009
53.0001144409 59.1476631165 26.3799266815
47.8219909668 72.137840271 21.0063896179
36.4742469788 61.7525558472 13.0417461395
10.2870349884 33.7230949402 28.7526817322
8.74355316162 9.34714984894 69.6773071289
7.82431554794 8.99223518372 78.7432479858
15.7772674561 7.7307305336 82.9567108154
13.5157661438 8.20990276337 64.9374542236
7.69550800323 19.2229499817 87.7947616577
89.5830154419 17.0443382263 36.6230545044
79.7328796387 23.1698970795 24.316986084
86.8720169067 11.1970653534 27.4465579987
80.2446746826 28.1569538116 35.7793731689
78.3282241821 9.62664413452 43.7998962402
8.17609119415 18.1116333008 18.7063140869
22.3088569641 13.4796266556 56.1059684753
17.3199958801 7.57722425461 54.1286621094
38.7801704407 60.2792320251 22.9386405945
78.1448059082 15.1721820831 6.70961713791
82.5150604248 22.2877655029 17.0407981873
77.4460525513 12.3940782547 17.9802780151
89.4725646973 11.5202178955 21.3714828491
35.5526237488 58.1018943787 42.6223602295
13.1662836075 7.81376838684 45.062286377
93.5286407471 48.5830802917 7.80889797211
36.5655822754 72.3456573486 82.7412567139
31.7019863129 59.9609375 82.0216903687
91.9951782227 8.55706691742 53.5753440857
9.50295162201 29.0576229095 16.9139308929
17.608505249 22.0181236267 10.9388713837
10.5869188309 46.327457428 6.88003635406
10.1560192108 15.8132762909 63.3304328918
6.99853086472 8.65552139282 55.9358901978
82.4663238525 35.2978439331 17.0605278015
92.5042037964 23.7836856842 12.4168901443
8.58024787903 18.9349880219 52.0463790894
36.6144943237 58.8540039062 63.2780570984
34.9440841675 58.9004554749 50.1429252625
26.9564533234 69.4916763306 47.886756897
25.3963184357 60.7112159729 56.3073768616
31.6249237061 71.3177337646 92.6872177124
26.9940433502 71.0074005127 83.0703735352
6.90394115448 68.9667816162 54.9510192871
17.5896015167 66.9493331909 51.1840286255
7.16502046585 68.6889419556 44.5437965393
12.7796411514 30.0325393677 42.3463973999
21.6708984375 41.0808029175 53.8026504517
33.9382019043 69.9667205811 16.7989768982
33.2063827515 73.4379806519 9.16721534729
25.3446598053 67.7142715454 7.22543811798
72.1180343628 60.3616867065 15.2951087952
78.7292251587 60.7188873291 7.38645648956
79.5664291382 71.7873535156 12.2032775879
94.0291519165 73.2735900879 91.8203811646
13.6328792572 72.3408050537 38.6545219421
66.6753692627 57.9453125 26.3717041016
91.2250900269 65.8871841431 8.80770206451
91.2806167603 63.230632782 19.5506706238
88.0182571411 62.3467788696 60.1200523376
85.7741928101 71.7221374512 65.7909088135
24.9639701843 70.1096572876 38.1144294739
32.3913726807 72.259262085 27.2841510773
25.1361103058 60.0364227295 23.0431880951
28.656917572 58.8258476257 12.8475522995
16.5155963898 69.071685791 27.0346889496
8.29002189636 71.2535629272 31.4920387268
89.2718353271 47.3141593933 61.450340271
78.7409057617 37.5489730835 70.33152771
90.3920593262 45.2967605591 74.0363693237
33.1811294556 60.0036392212 71.3880996704
62.8398361206 60.0886154175 47.6730117798
91.8109054565 38.0845870972 12.1789007187
7.66165685654 26.7393722534 84.7785491943
10.9868354797 36.3313865662 92.2140274048
34.903137207 70.7592544556 73.1496276855
63.0660438538 68.8513717651 30.3989486694
77.6743774414 46.2005157471 67.6753845215
80.5384521484 56.9319152832 59.1067466736
73.8326187134 58.3648490906 46.9163360596
114 104 103 713
163 701 164 507
121 113 374 635
461 650 471 470
195 534 628 530
405 396 395 533
22 625 633 521
400 401 404 467
334 87 335 586
36 37 400 572
371 89 370 406
77 74 71 549
6 32 33 703
66 663 528 662
180 165 181 502
247 212 248 668
66 65 209 528
156 165 180 715
214 157 254 715
80 711 720 525
247 508 695 700
43 469 402 466
115 637 620 713
114 637 713 670
140 141 202 249
140 202 203 249
637 545 542 615
414 275 636 634
150 161 160 541
301 286 289 484
308 278 302 652
20 22 556 633
647 608 632 689
3 4 150 541
391 37 390 400
33 572 578 569
454 660 458 667
422 652 278 473
105 101 104 595
106 101 105 518
437 382 436 278
464 437 428 424
22 28 29 625
113 103 98 588
410 414 412 638
313 312 296 647
576 567 580 569
37 390 400 467
77 348 549 664
400 404 573 467
111 644 519 661
577 574 573 569
97 371 407 406
42 41 43 466
77 71 70 654
16 19 629 548
418 365 398 581
200 628 535 582
85 584 88 599
191 187 194 627
342 256 257 619
90 81 84 537
351 354 350 601
86 336 354 601
197 200 199 628
395 178 394 568
114 125 115 562
415 421 419 717
422 424 423 473
306 303 304 483
464 428 429 308
428 278 308 473
115 128 116 566
121 419 472 563
250 251 231 575
464 437 424 475
449 451 450 479
316 230 575 589
102 93 714 520
2 16 629 696
20 23 21 556
159 160 164 630
341 329 328 158
254 157 215 678
67 340 76 347
357 200 197 535
2 159 153 700
198 627 194 585
4 21 5 631
4 20 21 556
4 631 161 541
3 630 17 541
8 392 384 697
4 5 149 162
64 385 410 543
33 570 35 572
80 82 83 526
174 176 170 710
35 34 39 624
324 323 351 198
168 174 170 604
516 518 681 517
414 413 412 638
188 619 182 665
274 273 279 543
193 192 176 529
42 389 401 466
88 87 334 584
40 718 465 594
98 99 97 468
337 78 338 349
338 77 348 549
344 189 190 550
215 158 255 678
67 70 66 664
62 55 268 686
380 276 277 717
129 496 117 690
36 391 399 400
115 116 105 680
141 673 538 479
22 625 556 633
721 702 576 557
375 121 374 419
7 8 173 578
679 676 660 667
220 10 219 242
142 445 453 606
11 220 241 477
2 629 17 630
19 22 633 521
507 602 509 506
2 151 159 630
1 2 152 153
18 641 719 548
513 517 518 514
390 401 400 467
171 174 168 702
6 171 703 571
98 372 411 407
389 43 402 466
157 156 180 715
151 160 159 630
401 468 467 466
511 701 695 508
353 356 355 583
176 529 192 527
398 363 357 582
584 599 628 583
377 378 414 543
606 607 640 679
287 289 286 616
544 686 546 547
433 319 434 609
410 377 414 543
267 62 281 547
67 210 256 662
464 475 424 473
624 612 622 623
255 257 256 619
399 572 573 578
394 568 178 579
90 100 612 591
8 384 145 697
67 76 70 664
663 678 619 665
178 179 177 568
6 703 171 631
45 30 27 515
147 7 146 172
7 146 172 173
123 475 461 470
133 442 460 471
122 419 420 472
309 302 303 564
115 105 104 680
122 375 420 419
658 673 672 575
311 307 607 679
421 381 422 652
13 44 26 691
298 262 299 560
98 97 372 407
97 89 406 590
373 98 372 411
13 26 12 645
515 661 644 645
98 407 411 588
113 412 413 638
378 543 274 634
134 443 459 639
77 76 348 664
77 70 76 664
67 332 342 256
121 472 124 563
67 256 342 662
55 687 688 686
86 82 79 522
294 290 618 597
79 74 78 657
337 78 349 657
62 546 686 547
267 62 268 281
90 91 81 720
721 722 556 622
91 92 80 720
21 23 32 557
20 22 23 556
124 562 563 482
480 679 640 689
49 31 30 516
294 296 494 488
100 101 91 612
94 699 510 600
445 454 453 606
32 35 33 570
96 245 246 695
159 163 154 701
401 402 407 466
60 387 469 684
465 613 591 466
163 164 166 507
211 154 247 700
322 200 353 583
247 248 246 668
323 322 352 199
663 664 654 665
351 323 352 198
91 721 92 720
351 355 354 601
428 424 278 473
128 130 131 640
421 472 419 717
2 629 701 696
144 449 251 479
317 320 319 658
143 138 142 610
68 654 69 677
342 331 330 257
70 654 663 664
255 216 257 619
182 678 503 665
363 321 357 582
135 138 131 606
334 584 355 583
122 472 474 565
437 428 424 278
309 303 306 675
296 305 290 494
336 79 337 350
281 288 287 686
287 290 289 616
384 392 393 697
570 571 567 569
123 439 461 438
111 107 110 519
20 19 22 633
106 107 102 518
706 553 707 691
5 6 148 631
221 11 220 241
28 30 31 514
65 246 252 677
34 29 38 623
39 624 38 613
60 685 61 684
587 588 469 468
43 388 402 469
387 409 408 684
365 581 353 582
78 74 77 549
352 353 355 583
364 356 365 581
415 379 276 275
378 379 415 275
64 266 265 279
421 420 419 472
311 307 314 607
314 307 312 607
442 132 441 461
112 205 109 643
45 516 515 705
49 30 48 516
277 300 302 716
122 124 472 565
464 424 428 473
248 213 156 668
450 426 425 251
658 491 672 673
440 449 425 251
202 141 201 250
130 639 659 481
446 453 452 610
143 446 452 610
249 673 250 589
276 285 300 636
120 236 237 707
52 46 15 554
298 299 297 486
120 238 236 559
236 559 674 560
322 321 353 200
178 177 175 568
32 570 703 557
95 96 68 505
212 155 213 668
701 695 508 700
172 173 175 571
169 185 500 605
85 87 88 584
415 419 413 717
419 563 635 717
132 474 126 470
132 123 461 470
123 423 438 475
350 671 522 657
91 92 622 626
154 701 508 700
132 123 441 461
484 621 566 482
399 404 403 573
219 9 243 696
176 710 529 527
152 153 2 159
140 490 120 489
494 647 492 488
97 89 371 406
372 97 371 407
401 407 406 468
120 204 237 236
99 587 591 468
236 228 227 560
262 261 299 560
291 294 288 596
147 7 172 571
171 172 175 571
148 6 171 631
55 58 51 546
242 243 245 695
718 592 595 594
104 100 99 595
38 29 31 513
414 378 275 634
296 312 305 494
484 485 621 482
620 566 621 562
276 275 285 636
63 58 62 547
275 283 636 634
319 632 658 611
249 250 230 589
307 304 480 679
278 277 302 652
464 428 308 473
309 308 302 649
303 300 301 485
461 464 463 650
317 575 258 495
299 316 313 493
346 351 350 601
351 585 355 601
710 603 527 605
67 342 347 664
352 199 322 585
87 82 86 586
197 199 195 628
88 333 366 598
86 79 336 522
7 571 33 578
6 33 7 703
721 702 604 710
370 403 573 574
89 405 370 574
393 399 394 579
145 362 173 697
130 127 639 481
395 179 178 568
442 461 460 471
158 157 182 678
124 126 127 565
174 177 176 712
136 138 608 689
32 23 34 557
474 649 652 473
177 193 176 712
397 359 396 532
255 256 253 662
248 254 252 715
429 430 463 648
459 463 462 651
210 66 209 253
123 376 439 423
67 210 332 256
152 2 151 159
268 55 269 282
117 690 496 617
313 647 296 488
25 515 719 641
567 568 580 569
666 519 516 540
146 8 145 173
573 568 579 569
293 295 292 551
666 682 516 681
41 38 40 594
28 31 29 513
15 14 224 693
116 106 105 681
2 3 151 630
153 159 154 700
95 694 699 642
408 411 407 588
40 31 49 517
722 714 625 622
1 152 217 153
243 247 695 700
2 159 701 630
15 232 226 558
718 669 670 685
272 226 263 558
298 227 262 560
272 15 264 226
272 263 293 558
387 61 386 409
60 469 669 684
64 265 385 543
87 83 82 526
79 350 522 657
283 284 286 615
90 91 576 612
115 116 620 566
136 496 131 689
338 77 339 348
85 88 367 599
71 654 549 656
367 88 366 598
275 283 285 636
250 231 230 575
299 261 229 674
706 486 487 489
276 636 300 717
303 302 300 564
67 66 210 662
516 515 519 514
68 70 71 654
69 505 677 506
59 669 718 685
54 53 270 709
706 561 486 552
453 458 457 667
133 130 127 639
46 708 553 554
117 496 136 487
607 640 679 689
51 48 50 682
32 34 35 624
36 37 391 400
251 673 479 495
140 141 249 673
447 143 446 452
446 142 445 453
404 590 573 467
8 33 36 578
270 53 292 709
247 246 245 695
392 36 399 578
465 468 469 466
61 410 409 638
163 166 165 508
408 409 412 684
19 719 629 548
637 638 635 634
274 279 283 542
386 64 385 410
2 701 159 700
10 18 16 548
220 242 241 477
515 719 644 520
271 52 293 551
497 486 488 487
64 410 638 543
491 672 673 490
119 706 487 489
238 229 228 674
316 259 317 575
52 272 293 558
275 274 283 634
63 542 545 547
122 472 420 470
637 545 713 670
176 712 529 710
61 63 64 542
279 284 283 542
114 115 637 562
214 215 254 157
215 157 158 678
289 290 494 597
66 70 663 664
328 327 343 188
325 324 346 191
122 126 124 565
324 198 351 601
392 578 393 697
522 627 523 671
323 199 352 198
351 198 352 585
133 126 132 474
73 603 531 525
134 639 459 659
430 431 462 310
36 33 35 572
90 577 576 580
453 667 457 609
123 420 423 470
123 122 420 470
135 130 134 659
58 545 546 547
122 126 474 470
123 423 475 470
223 13 222 234
120 237 112 707
421 472 716 652
308 652 649 473
4 162 161 631
422 423 420 473
1 217 211 153
639 564 675 481
308 278 652 473
122 124 121 472
209 252 253 528
151 3 150 160
271 52 272 293
269 54 270 291
16 19 17 629
24 27 25 641
94 108 95 699
54 291 698 709
289 480 484 597
40 49 56 592
118 111 110 540
538 611 608 610
307 305 312 689
111 108 107 644
116 117 106 681
596 708 704 698
94 95 511 699
31 594 513 517
431 432 458 311
68 663 677 528
453 457 456 609
140 249 203 490
143 139 138 608
377 274 378 543
117 136 118 487
61 386 409 410
113 114 103 670
345 346 350 671
377 273 274 543
252 677 715 528
128 566 127 481
274 542 283 634
414 413 638 635
165 509 715 668
385 377 410 543
247 508 154 668
248 156 715 668
1 218 9 700
1 153 211 700
1 9 2 700
385 383 377 543
299 260 316 589
260 229 230 589
89 84 405 537
538 491 658 673
37 35 39 614
711 712 580 720
395 361 178 179
399 400 404 573
96 207 208 246
511 701 629 696
165 166 181 509
8 145 173 697
17 19 20 633
395 361 394 178
27 25 515 514
248 252 246 715
504 507 630 541
66 70 68 663
2 701 629 630
502 677 509 506
390 42 389 401
41 613 465 466
570 577 572 569
140 139 141 491
319 314 315 632
97 590 406 468
58 545 56 546
38 31 40 594
57 40 56 718
299 313 297 493
293 558 298 552
51 592 49 593
455 320 435 495
433 318 319 609
309 564 675 648
432 311 318 667
370 405 403 574
522 671 523 657
359 196 179 533
403 405 395 574
85 417 536 599
365 356 353 581
262 228 261 560
663 503 678 665
263 262 298 227
116 620 617 683
124 563 565 482
281 282 288 686
279 280 284 547
341 328 343 188
330 216 341 257
346 191 324 671
255 253 528 662
187 184 185 500
179 193 712 533
199 194 195 530
584 585 526 586
196 197 195 534
374 113 413 635
121 635 419 563
145 384 362 697
122 121 419 472
113 124 114 635
96 208 65 246
209 65 208 252
150 4 149 161
429 309 430 648
292 551 295 709
36 400 399 572
576 557 570 624
429 649 309 648
446 142 453 610
118 666 539 540
432 433 457 318
128 129 116 690
125 127 128 566
26 45 27 645
234 239 237 646
47 45 44 705
112 111 661 643
458 311 432 667
510 504 633 541
211 153 154 700
92 73 80 525
2 9 16 696
1 217 218 211
287 288 290 618
291 596 288 688
417 581 535 599
89 537 405 574
60 61 387 684
86 601 354 586
324 671 198 601
408 469 684 588
195 194 192 530
85 83 87 584
89 99 90 590
90 100 91 612
91 80 81 720
403 395 394 574
327 326 344 189
179 193 177 712
400 573 572 467
243 247 245 695
699 719 641 548
65 677 68 505
84 85 368 536
242 243 695 696
96 695 246 505
167 507 504 602
246 715 677 505
389 402 401 466
37 42 390 467
402 469 407 466
109 205 206 240
37 39 42 467
306 675 679 676
27 515 25 641
629 719 633 600
376 122 375 420
544 687 617 683
40 592 594 517
179 196 193 533
197 628 534 535
67 342 340 347
84 536 416 532
84 369 405 416
81 580 711 537
415 379 380 276
419 635 413 717
415 635 636 717
474 471 650 470
414 378 415 275
367 88 598 599
88 356 333 598
79 82 75 522
344 345 348 550
663 664 619 662
155 163 165 508
299 261 260 229
281 686 544 547
341 158 188 619
341 257 216 619
265 273 383 543
67 347 76 664
68 71 69 654
305 480 494 689
544 615 620 616
344 326 345 190
325 191 346 190
345 190 346 671
94 511 510 699
189 182 183 503
211 212 247 154
212 154 155 668
66 68 65 528
501 531 512 603
86 522 336 601
194 187 192 524
300 285 301 485
342 330 341 257
284 287 286 616
96 207 246 245
109 206 96 244
155 508 165 668
149 5 148 162
61 685 638 684
42 39 41 466
144 538 451 479
434 320 455 611
450 427 231 495
116 617 539 683
192 529 530 524
169 185 184 500
22 29 23 625
167 168 170 604
83 526 536 537
721 576 567 720
167 602 504 605
90 580 537 574
82 522 526 524
512 502 602 506
434 435 455 320
368 85 417 536
45 515 27 645
405 533 537 532
221 241 235 478
529 526 534 530
712 537 574 533
381 277 278 652
133 127 126 565
255 678 619 662
82 526 522 586
277 276 300 717
96 207 245 244
11 18 10 548
415 276 380 717
277 300 716 717
285 485 636 621
109 205 240 643
219 9 218 243
120 204 112 237
53 52 271 551
240 239 476 643
281 544 284 547
266 279 63 547
280 281 284 547
342 331 257 256
13 691 476 692
343 188 344 665
235 241 240 476
343 344 348 665
332 331 342 256
344 190 345 550
189 183 186 653
169 184 181 499
663 678 528 662
148 6 147 171
222 235 234 476
1 2 153 700
24 25 18 641
44 45 26 705
19 25 22 521
43 669 60 469
43 41 57 465
112 109 111 643
98 97 407 468
108 109 95 642
57 56 59 718
205 239 240 643
111 109 108 644
519 644 515 661
450 427 426 231
48 516 704 682
241 244 240 477
653 654 503 656
502 503 656 499
191 186 187 498
345 671 350 657
500 531 527 524
311 310 306 676
295 297 294 561
189 188 182 665
77 76 339 348
291 295 294 596
272 264 263 226
566 621 562 482
232 233 237 693
114 637 635 562
136 138 139 608
266 63 267 547
304 301 289 483
169 170 185 605
55 54 269 688
702 567 576 703
17 629 19 633
167 169 166 602
233 234 693 692
647 608 492 491
708 553 554 552
68 677 69 505
14 44 13 692
15 225 264 226
226 232 227 558
15 224 225 232
260 259 316 230
249 230 229 589
449 450 251 479
451 450 479 495
113 637 638 635
707 559 555 552
119 707 112 646
435 258 427 495
333 356 364 598
417 398 535 581
366 333 364 598
363 353 321 582
381 382 422 278
421 277 381 652
365 353 363 582
281 287 284 544
430 309 310 648
55 688 282 686
344 188 189 665
675 660 676 651
158 678 182 619
454 459 458 660
78 77 338 549
255 678 158 619
443 460 459 639
69 654 71 656
190 653 498 671
182 678 180 503
678 715 677 528
502 677 678 715
305 304 289 480
124 125 114 562
125 128 115 566
67 332 340 342
128 640 690 481
156 155 165 668
94 69 72 512
78 74 549 657
164 167 166 507
243 211 247 700
7 8 146 173
687 704 539 682
96 246 65 505
254 715 678 528
223 13 234 692
63 59 58 545
41 40 57 465
60 59 61 685
183 181 184 499
157 180 182 678
342 341 343 619
17 630 629 541
504 556 633 541
625 622 626 623
722 625 556 622
40 594 31 517
69 71 72 656
170 710 527 605
92 722 721 622
72 71 74 656
502 654 663 677
362 178 173 579
194 627 187 524
93 94 72 512
653 671 550 657
55 50 54 698
268 55 282 686
576 577 612 614
54 698 291 688
232 693 236 555
263 226 227 558
360 361 395 179
272 15 226 558
26 705 45 645
215 216 255 158
67 342 664 662
462 431 458 676
188 158 182 619
341 216 329 158
224 14 223 233
576 624 570 614
144 449 440 251
429 463 649 648
451 455 450 495
464 308 649 473
438 423 424 475
128 131 129 690
480 690 640 481
294 596 561 488
494 496 690 597
312 494 647 689
72 75 73 531
176 192 185 527
75 525 531 524
92 93 73 603
297 296 294 488
4 149 161 162
447 143 452 538
445 135 444 454
144 451 449 479
317 319 315 658
398 358 397 535
453 606 454 667
318 311 314 607
417 418 398 581
352 322 353 583
353 200 321 582
47 48 45 705
55 269 282 688
53 46 52 554
53 47 46 708
456 609 611 610
270 53 271 292
180 678 502 503
76 347 348 664
15 225 226 232
312 305 494 689
136 131 138 689
129 131 136 496
497 561 596 488
320 319 658 611
453 454 458 667
444 134 443 459
129 136 117 496
59 56 58 545
687 539 617 683
706 707 553 552
607 608 632 611
53 50 47 698
359 196 533 532
359 360 396 179
416 397 396 532
529 711 712 537
193 195 192 530
316 315 313 672
80 75 82 525
529 711 526 525
113 373 413 412
162 171 168 631
173 579 568 569
6 21 32 703
91 92 721 622
104 101 100 595
80 711 81 720
116 620 566 617
116 129 117 690
128 127 130 481
311 306 307 679
135 131 130 640
421 716 277 652
124 565 127 482
117 539 118 666
117 118 110 666
43 465 669 469
61 64 386 410
465 595 587 591
118 119 111 540
385 265 383 543
58 56 51 546
112 646 239 643
175 567 571 569
55 51 687 546
544 620 546 683
50 704 47 698
362 579 173 697
48 30 45 516
61 64 410 638
544 620 545 546
51 48 682 593
519 705 540 661
51 49 48 593
316 317 315 672
112 707 237 646
105 104 680 595
708 561 551 709
53 554 52 551
174 170 604 710
459 462 458 660
591 467 468 466
577 580 574 569
374 113 373 413
233 234 237 693
118 119 706 487
161 162 168 631
119 707 706 559
417 398 397 535
221 11 241 478
232 236 227 555
92 714 722 622
529 710 525 527
19 629 719 633
160 161 164 630
721 702 556 604
5 21 6 631
12 476 645 478
1 211 218 700
5 148 162 631
109 240 642 643
99 100 90 591
587 718 669 670
40 592 718 594
39 613 467 614
104 99 103 587
401 406 404 590
97 99 89 590
54 50 53 698
36 35 37 572
50 48 47 704
291 292 295 709
511 696 629 694
282 291 288 688
181 502 509 602
721 567 710 720
388 60 387 469
170 527 185 605
159 164 163 701
72 531 73 603
183 653 503 499
155 154 163 508
69 677 512 506
93 107 94 600
92 102 93 714
89 370 406 404
49 516 593 517
113 638 413 635
629 719 699 548
11 10 220 477
368 85 367 417
504 722 556 604
174 175 177 567
114 115 104 713
89 84 369 405
49 31 516 517
30 515 516 514
110 107 106 518
346 671 324 601
443 133 442 460
110 106 666 518
186 183 184 499
190 189 186 653
84 83 85 536
549 653 655 550
191 190 498 671
721 556 557 622
77 549 654 664
78 338 349 550
191 187 627 498
713 546 683 592
381 278 422 652
318 311 607 667
78 550 349 657
307 480 305 689
43 60 388 469
80 83 81 711
287 288 618 686
89 370 573 574
285 286 484 621
497 486 561 488
303 485 301 483
89 369 370 405
620 566 484 621
90 576 91 720
539 617 496 597
409 638 412 684
399 403 394 573
106 666 518 681
721 604 722 603
722 556 625 633
96 244 245 477
234 646 237 693
167 504 168 604
164 504 167 507
94 512 510 506
168 702 604 631
120 204 236 238
14 46 44 553
3 17 4 541
3 160 630 541
17 629 633 541
544 617 620 683
55 546 687 686
444 459 454 660
289 290 597 616
120 238 559 490
299 674 229 589
620 713 545 546
62 686 281 547
111 519 540 661
284 286 615 616
119 120 112 707
120 203 204 238
484 597 617 616
6 21 703 631
238 249 229 589
247 246 695 505
236 238 228 674
95 109 96 642
136 137 118 487
316 672 493 589
10 219 242 696
261 228 229 674
261 228 674 560
204 205 112 239
484 690 617 597
137 140 119 489
299 316 493 589
299 674 486 560
120 203 238 490
339 76 340 347
183 182 180 503
91 576 721 720
173 568 175 569
173 571 578 569
502 503 654 656
512 502 656 499
721 710 603 720
502 677 715 509
343 619 188 665
144 448 440 449
494 690 480 597
305 289 290 494
129 131 496 690
117 497 539 496
296 647 494 488
455 611 320 495
451 452 456 538
380 381 421 277
139 492 608 491
607 632 608 689
167 170 169 605
451 479 538 495
144 201 141 251
434 319 611 609
538 658 632 611
450 426 251 231
293 298 295 552
298 297 295 486
456 455 538 611
458 676 311 667
480 640 679 481
475 473 650 470
143 141 139 538
288 596 618 688
121 374 419 635
485 636 621 562
142 138 135 606
675 481 564 483
301 485 484 483
4 5 162 631
11 548 10 477
308 302 649 652
457 318 433 609
65 208 252 246
485 564 565 482
313 315 312 647
421 422 472 652
60 669 685 684
464 429 463 649
464 308 429 649
12 221 235 478
64 63 279 542
409 410 412 638
56 545 718 592
412 684 638 588
638 685 670 588
450 231 251 495
115 104 713 680
510 504 602 605
174 604 702 710
4 17 20 541
168 702 174 604
169 501 602 605
168 604 504 631
696 548 694 477
161 168 504 631
722 714 600 521
699 644 719 600
234 476 646 692
281 287 544 686
3 150 160 541
63 279 542 547
285 484 485 621
13 222 234 476
138 606 608 689
544 620 617 616
15 46 14 554
283 542 615 634
284 544 287 616
405 416 396 532
393 394 362 579
285 484 301 485
37 400 572 467
100 595 612 591
13 691 26 645
106 518 105 681
57 718 59 669
104 587 713 595
12 24 11 478
41 594 465 613
115 620 116 683
545 718 713 670
388 387 408 469
637 620 545 615
713 592 683 680
104 587 103 713
47 44 46 553
114 713 103 670
544 546 687 683
284 544 615 547
94 511 95 506
93 510 512 603
677 505 509 506
502 654 677 656
181 501 502 602
71 549 74 656
501 500 531 605
549 653 657 656
587 718 713 595
40 56 718 592
718 592 713 595
59 56 545 718
545 713 718 592
637 620 615 621
587 713 718 670
57 465 718 669
14 13 223 692
34 38 624 623
430 310 462 648
310 309 306 675
480 640 690 689
134 133 443 639
52 293 554 558
15 224 232 693
53 551 292 709
263 298 293 558
311 679 607 667
319 314 611 609
312 632 607 689
143 538 139 608
494 492 496 487
136 492 496 689
497 539 496 597
484 480 566 690
116 690 117 617
496 617 690 597
484 690 566 617
10 16 9 696
140 203 120 490
232 237 236 693
707 693 553 555
418 364 365 581
364 356 581 598
628 536 535 599
365 363 398 582
416 417 397 532
675 679 481 483
484 566 480 482
173 178 175 568
88 334 333 356
564 481 482 483
304 289 480 483
285 286 301 484
286 484 621 616
116 566 690 617
345 349 348 550
620 484 566 617
302 716 300 564
122 121 375 419
130 659 640 481
302 564 649 652
60 669 59 685
61 542 64 638
465 587 669 469
59 718 545 685
542 543 638 634
23 34 557 623
721 557 576 622
22 28 625 521
93 722 714 600
510 722 504 604
35 570 624 614
107 644 108 600
28 513 521 514
6 703 7 571
22 23 556 625
171 174 702 571
177 712 567 568
721 576 702 567
702 703 576 557
174 175 567 571
624 612 613 614
522 627 601 586
199 198 194 585
353 581 356 583
88 356 599 583
197 200 628 535
352 198 199 585
263 227 298 558
307 679 480 689
494 480 690 689
135 640 130 659
134 130 639 659
44 705 26 691
115 713 620 683
683 680 592 593
31 517 513 514
592 593 680 517
285 283 615 636
415 275 276 636
716 472 474 652
198 191 194 627
522 627 671 601
351 198 585 601
501 502 512 499
187 186 184 498
72 74 523 656
336 79 350 522
183 180 181 502
78 549 550 657
72 74 75 523
94 108 699 600
12 235 476 478
25 28 521 514
11 24 18 641
25 521 515 514
26 27 24 645
119 140 120 489
286 621 615 616
285 283 286 615
414 415 635 636
283 615 636 634
637 638 542 685
542 615 545 547
544 545 615 547
544 545 620 615
637 636 635 562
287 618 544 686
66 528 253 662
494 496 597 487
620 621 484 616
103 713 587 670
113 114 637 635
637 545 620 713
103 587 98 588
113 412 638 588
408 407 469 588
115 566 620 562
117 666 106 681
47 704 48 705
666 704 516 682
680 626 595 517
47 553 708 705
47 704 708 698
539 704 666 682
48 704 516 705
620 713 546 683
24 27 641 645
707 691 553 693
44 553 705 691
234 646 693 692
15 232 558 555
52 554 15 558
47 708 704 705
497 708 596 561
459 462 660 651
606 607 679 667
639 675 659 481
454 606 660 667
135 444 454 660
358 359 397 196
330 329 341 216
234 235 240 476
444 134 459 659
485 564 482 483
314 607 312 632
434 319 320 611
319 314 632 611
312 647 632 689
456 434 611 609
72 512 531 603
500 523 498 656
92 722 93 603
254 157 678 715
18 25 19 719
92 721 603 720
101 518 102 626
107 519 644 520
107 518 519 520
118 110 666 540
23 29 34 623
666 516 519 518
45 516 30 515
714 521 513 514
12 26 24 645
111 109 644 643
26 691 705 645
112 661 646 643
641 476 645 643
450 251 479 495
141 491 538 673
653 498 671 657
190 189 653 550
344 326 190 189
714 600 521 520
346 190 191 671
523 671 498 657
81 83 84 537
580 568 712 574
577 573 572 569
109 240 244 642
81 711 83 537
405 574 537 533
174 567 177 712
174 712 176 710
712 574 568 533
254 253 252 528
189 183 653 503
348 655 549 664
449 450 425 251
348 549 655 550
65 677 252 528
180 502 678 715
549 653 654 655
342 256 619 662
706 691 646 661
50 704 687 682
596 687 618 688
51 546 56 592
89 90 84 537
519 515 705 661
544 617 687 618
62 546 55 686
109 244 96 642
84 368 369 416
546 682 683 593
683 680 593 681
687 539 683 682
74 657 523 656
72 531 512 656
189 503 653 655
663 619 678 662
181 502 501 499
183 502 181 499
183 180 502 503
189 503 655 665
309 649 564 648
306 304 679 483
303 300 485 564
716 474 564 652
300 716 485 564
306 675 303 483
306 679 675 483
639 675 564 648
544 618 687 686
596 687 539 618
544 617 618 616
544 687 546 686
62 58 55 546
290 618 597 616
294 618 596 597
286 289 484 616
289 597 484 616
687 617 539 618
116 539 117 681
117 496 539 617
497 539 704 540
497 704 706 540
116 680 683 681
83 526 584 536
88 334 356 583
88 599 584 583
584 628 585 583
628 599 581 583
721 567 702 710
297 313 296 488
199 195 628 530
334 355 356 583
86 82 522 586
84 83 536 537
241 242 245 477
580 712 537 574
89 577 90 574
572 573 590 467
187 185 192 527
92 603 73 525
567 580 712 720
79 337 350 657
576 570 577 614
295 294 596 561
232 227 558 555
297 561 486 488
87 86 335 586
52 15 272 558
313 672 647 493
647 491 492 493
90 612 577 591
296 312 494 647
313 315 647 672
315 312 647 632
494 492 647 689
236 707 559 555
647 632 491 672
39 38 41 613
577 572 573 590
612 594 613 591
624 612 594 613
713 592 680 595
401 407 468 466
39 613 41 466
680 518 626 517
57 465 40 718
43 465 57 669
492 488 493 489
303 301 304 483
706 553 708 552
298 558 560 552
193 529 712 534
393 578 399 579
75 522 82 524
174 702 567 710
184 500 498 499
219 243 242 696
243 695 696 700
218 211 243 700
10 9 219 696
10 548 696 477
596 618 539 597
497 706 486 487
119 559 706 489
539 618 617 597
53 47 708 698
402 408 407 469
706 708 553 705
119 706 646 661
706 705 553 691
707 555 553 552
596 539 687 704
270 292 291 709
291 295 596 709
54 270 291 709
271 293 292 551
53 708 551 709
55 698 54 688
596 704 687 698
250 673 251 575
137 491 140 489
119 120 559 489
538 673 658 495
251 575 673 495
317 258 320 495
317 320 658 495
141 251 250 673
171 175 174 571
259 231 258 575
259 258 317 575
108 699 644 642
719 521 600 520
515 644 719 641
511 507 508 506
510 602 507 506
2 696 701 700
510 504 507 602
519 515 644 520
18 25 719 641
11 641 18 548
16 629 696 548
96 642 244 477
41 40 465 594
680 593 681 517
101 612 595 626
38 29 513 623
513 626 518 517
90 591 577 590
90 577 580 574
613 467 591 466
104 99 587 595
465 613 594 591
529 712 711 710
710 603 720 525
194 192 530 524
584 534 628 536
194 530 627 524
87 584 526 586
627 585 601 586
73 75 80 525
198 191 627 671
113 638 637 670
113 637 114 670
637 635 636 634
485 636 563 717
716 485 565 563
284 615 542 547
414 635 638 634
637 542 545 685
87 584 83 526
80 83 711 526
137 139 140 491
351 352 355 585
115 713 683 680
710 603 525 527
522 526 627 586
80 82 526 525
86 522 601 586
85 83 584 536
194 585 627 530
531 525 603 527
628 535 581 599
38 594 624 623
556 622 625 623
41 38 594 613
7 703 33 571
702 556 703 557
23 556 625 623
576 557 624 622
722 600 633 521
161 631 504 541
150 4 161 541
161 504 164 630
159 164 701 630
163 701 507 508
164 507 701 630
151 3 160 630
516 519 515 705
47 44 553 705
45 705 515 645
48 516 45 705
706 708 561 552
539 682 666 681
49 516 48 593
51 687 546 682
516 682 593 681
51 50 687 682
96 245 695 477
96 694 695 505
374 413 419 635
509 505 508 506
394 178 362 579
361 362 394 178
173 175 571 569
394 573 568 579
393 579 362 697
399 578 573 579
173 178 568 579
485 565 563 482
173 579 578 697
133 639 127 565
133 126 474 565
474 639 564 648
474 649 564 652
304 480 679 483
675 679 659 481
127 481 566 482
287 544 618 616
132 126 123 470
422 472 652 473
419 472 563 717
91 721 576 622
60 57 59 669
91 576 612 622
92 93 722 714
14 233 693 692
570 572 577 614
34 624 557 623
612 595 594 591
592 680 595 517
91 622 612 626
408 412 411 588
90 576 577 612
576 624 612 622
39 624 613 614
103 99 98 587
627 530 526 524
187 527 192 524
80 526 711 525
529 526 711 537
187 627 498 524
398 535 581 582
193 534 712 533
628 581 535 582
398 357 358 535
357 200 535 582
358 196 397 535
628 536 534 535
254 215 255 678
28 29 625 513
513 626 594 623
38 513 31 594
38 513 594 623
31 30 516 514
714 520 521 514
102 714 518 520
625 622 714 626
105 595 680 626
143 452 538 610
91 612 101 626
298 299 486 560
295 297 561 486
295 486 561 552
120 490 559 489
486 559 674 493
497 597 496 487
299 486 674 493
298 558 227 560
119 120 707 559
491 672 490 493
706 559 486 489
77 654 70 664
69 677 654 656
502 503 663 654
68 663 654 677
69 72 512 656
66 663 68 528
663 678 677 528
343 347 619 665
342 347 664 619
55 687 50 698
54 698 53 709
291 596 698 709
55 687 698 688
497 539 596 704
315 658 632 672
538 608 632 491
141 201 250 251
141 250 249 673
202 249 141 250
348 655 664 665
663 654 503 665
706 704 705 540
654 664 655 665
339 348 76 347
373 411 412 588
67 664 66 662
342 619 664 662
93 510 94 512
25 719 515 521
497 708 706 704
497 706 708 561
596 561 708 709
47 46 708 553
53 698 708 709
596 708 698 709
639 565 564 481
128 690 566 481
480 481 679 483
606 679 660 667
606 607 667 609
36 572 399 578
37 467 572 614
89 573 404 590
576 612 624 614
395 568 394 574
8 173 578 697
173 578 579 569
576 580 577 569
38 624 594 613
37 39 467 614
465 718 587 595
64 63 266 279
706 707 646 691
234 240 239 476
112 237 239 646
235 241 476 478
119 111 540 661
237 646 707 693
576 580 567 720
179 712 177 568
81 711 580 720
174 567 712 710
90 81 580 720
186 653 183 499
169 500 501 605
431 310 311 676
721 710 604 603
522 627 526 524
627 498 523 671
501 512 500 499
187 184 500 498
389 43 388 402
522 523 627 524
192 527 529 524
99 587 595 591
465 594 595 591
612 594 595 626
100 101 612 595
99 595 100 591
104 713 680 595
465 718 595 594
105 101 595 626
237 707 236 693
224 233 232 693
224 14 233 693
14 553 693 554
646 476 691 692
236 693 707 555
553 693 554 555
637 621 636 562
285 615 286 621
485 563 636 562
136 139 137 492
285 636 615 621
390 42 401 467
51 682 546 593
48 516 682 593
161 168 167 504
31 516 517 514
51 56 49 592
51 546 592 593
117 539 666 681
40 49 592 517
36 33 572 578
8 36 392 578
393 578 579 697
8 578 392 697
7 33 8 578
394 568 573 574
399 573 394 579
7 173 172 571
69 512 677 656
186 498 653 499
653 656 503 499
77 549 71 654
68 663 70 654
549 655 654 664
503 654 655 665
502 678 663 503
502 663 678 677
6 7 147 571
174 567 702 571
396 360 395 179
147 172 171 571
7 173 571 578
345 350 349 657
584 526 585 530
200 199 628 585
196 197 534 535
200 628 582 583
200 585 628 583
353 200 582 583
117 497 118 539
452 456 538 610
110 519 666 540
516 519 705 540
111 519 110 540
497 596 708 704
119 706 707 646
370 403 404 573
89 370 404 573
89 573 577 574
399 572 400 573
577 572 590 614
403 394 573 574
572 573 578 569
644 642 641 643
300 285 485 636
380 277 421 717
415 380 421 717
336 522 350 601
415 636 276 717
300 636 485 717
300 485 716 717
721 556 702 557
504 556 722 633
702 556 604 631
504 631 556 541
504 604 556 631
4 20 556 541
93 72 73 603
93 512 72 603
531 527 603 605
531 525 527 524
529 527 525 524
92 720 603 525
627 523 498 524
512 502 677 656
79 75 74 523
222 12 221 235
72 523 531 656
500 498 523 524
512 531 500 656
93 94 510 600
510 603 604 605
417 418 581 599
510 633 722 600
510 722 604 603
510 512 602 506
515 644 641 645
109 642 644 643
706 540 705 661
119 646 112 661
119 540 706 661
465 587 718 669
587 669 469 588
418 598 581 599
638 684 685 588
166 509 507 602
587 670 669 588
107 644 600 520
111 107 519 644
92 714 622 626
699 719 644 641
699 641 644 642
170 176 185 527
170 710 176 527
711 710 720 525
567 712 710 720
711 710 712 720
635 563 636 717
635 636 563 562
121 124 113 635
121 124 635 563
712 534 537 533
277 716 302 652
125 566 562 482
124 114 635 562
637 615 636 621
28 513 625 521
625 513 714 521
19 633 719 521
515 521 719 520
90 580 576 720
722 633 625 521
629 699 719 600
19 719 25 521
510 629 633 600
719 633 600 521
719 600 644 520
108 644 699 600
93 600 714 520
93 722 510 603
510 504 722 633
165 502 715 509
180 165 502 715
157 180 678 715
509 508 505 668
248 214 254 715
254 252 715 528
214 156 157 715
247 505 695 508
166 181 509 602
252 677 246 715
164 504 507 630
701 507 629 630
629 694 696 548
510 511 629 699
511 629 701 507
167 166 507 602
163 507 166 508
248 715 246 668
15 558 554 555
293 554 558 552
53 708 46 554
15 14 693 554
14 46 553 554
236 555 559 560
708 551 561 552
53 271 292 551
722 625 714 521
105 680 518 626
307 304 305 480
714 518 520 514
102 107 93 520
93 107 600 520
105 518 101 626
307 607 679 689
138 608 606 610
317 658 672 575
451 538 455 495
136 139 492 608
357 197 358 535
131 640 606 689
456 434 455 611
567 712 580 568
395 179 568 533
179 712 568 533
175 177 567 568
124 472 565 563
716 485 564 565
716 485 563 717
422 278 424 473
140 673 249 490
137 492 491 489
137 492 139 491
140 491 141 673
141 139 538 491
299 229 260 589
299 297 486 493
316 672 313 493
310 675 306 676
299 493 674 589
250 673 575 589
577 591 612 614
42 467 39 466
39 467 613 466
512 677 502 506
502 509 602 506
165 181 502 509
56 546 545 592
545 546 713 592
93 510 722 600
92 721 722 603
721 556 722 604
421 716 472 717
716 563 472 717
716 564 474 565
421 277 716 717
716 565 472 563
196 195 193 534
302 716 564 652
102 518 107 520
110 519 107 518
519 515 520 514
714 513 518 514
110 666 519 518
714 518 513 626
694 548 642 477
95 96 694 642
108 644 109 642
644 645 661 643
108 95 699 642
646 661 645 643
646 661 691 645
241 240 476 477
11 641 548 478
305 289 494 480
484 480 690 597
94 95 69 506
287 618 290 616
294 494 290 597
294 296 290 494
288 294 290 618
288 596 294 618
343 348 347 665
289 494 480 597
294 494 597 488
529 710 711 525
92 80 720 525
73 531 75 525
455 538 611 495
538 479 673 495
456 611 538 610
453 606 667 609
538 632 658 491
139 608 538 491
52 554 293 551
447 452 451 538
144 447 451 538
144 141 538 479
538 658 611 495
116 683 539 681
687 683 546 682
115 683 116 680
345 550 671 657
546 683 592 593
65 246 677 505
10 696 242 477
677 715 509 505
642 477 548 478
156 165 715 668
96 65 68 505
95 68 69 505
95 511 505 506
511 507 701 508
66 664 663 662
297 493 313 488
137 119 487 489
249 490 673 589
317 658 315 672
658 491 632 672
315 632 647 672
647 493 492 488
44 553 691 692
14 693 553 692
14 223 233 692
707 646 691 693
706 705 691 661
111 644 661 643
699 642 694 548
242 695 245 477
10 16 696 548
699 641 642 548
18 719 19 548
242 696 695 477
11 548 477 478
392 399 393 578
706 704 708 705
118 706 119 540
118 497 706 540
497 706 561 486
222 12 235 476
642 476 477 478
11 477 241 478
240 642 476 477
112 239 205 643
641 476 642 478
13 12 222 476
234 239 646 476
64 638 542 543
637 670 638 685
637 545 670 685
63 545 542 685
61 638 409 684
63 59 545 685
545 718 670 685
83 711 526 537
356 581 599 583
461 438 464 475
84 368 416 536
584 534 526 530
197 628 195 534
196 535 534 532
193 529 176 712
460 651 639 471
474 639 648 471
429 308 309 649
549 654 653 656
309 649 302 564
415 413 635 717
248 156 214 715
474 564 649 648
463 430 462 648
462 676 660 651
462 648 310 676
373 98 411 588
640 659 679 481
613 591 467 614
577 590 591 614
89 90 577 590
591 467 590 468
99 591 90 590
485 562 621 482
89 404 406 590
401 590 404 467
401 406 590 468
401 590 467 468
97 99 590 468
89 577 573 590
511 695 701 696
629 699 694 548
510 629 511 507
510 699 629 600
316 230 259 575
307 312 607 689
133 474 639 565
474 564 639 565
133 460 639 471
122 474 472 470
345 325 346 190
122 474 126 565
716 474 472 565
463 649 471 650
464 473 649 650
511 508 505 506
715 509 505 668
154 701 163 508
165 166 509 508
165 508 509 668
166 507 509 508
247 154 508 700
246 715 505 668
625 714 513 626
612 626 622 623
513 594 626 517
92 102 714 626
91 101 92 626
102 518 714 626
612 594 626 623
368 417 416 536
417 535 397 532
397 535 196 532
33 578 571 569
33 703 570 571
702 567 703 571
171 703 702 631
32 557 34 624
706 486 559 552
118 706 497 487
238 674 559 490
236 559 238 674
486 674 559 560
259 230 231 575
494 597 488 487
137 487 492 489
462 458 660 676
443 133 460 639
191 498 627 671
324 191 198 671
350 522 671 601
345 190 671 550
190 653 186 498
191 190 186 498
628 581 582 583
398 357 535 582
236 674 228 560
365 398 581 582
566 690 480 481
128 131 690 640
131 496 690 689
128 116 566 690
120 236 707 559
314 607 632 611
307 306 304 679
319 315 658 632
538 632 608 611
433 434 456 609
607 608 611 609
318 607 314 609
114 637 115 713
143 538 608 610
576 703 570 557
171 702 168 631
21 32 703 557
21 556 703 631
21 703 556 557
171 702 703 571
570 703 567 571
576 567 570 703
32 570 33 703
148 171 162 631
422 420 472 473
135 606 640 659
334 584 87 586
135 134 444 659
444 659 459 660
459 659 639 651
675 659 679 660
606 679 659 660
167 169 602 605
185 527 500 605
606 679 640 659
500 527 531 605
187 500 185 527
170 604 710 605
167 604 170 605
187 498 500 524
500 656 498 499
13 691 645 476
705 691 661 645
12 645 24 478
13 645 12 476
646 645 691 476
27 515 641 645
515 705 661 645
529 712 534 537
529 534 526 537
711 580 712 537
534 536 537 532
526 534 536 537
89 90 537 574
90 580 81 537
604 603 710 605
295 561 596 709
295 551 561 709
53 708 554 551
708 554 551 552
706 559 707 552
293 551 554 552
298 560 486 552
298 486 295 552
311 306 679 676
675 660 679 676
414 275 415 636
639 675 648 651
310 309 675 648
639 659 675 651
647 632 608 491
303 675 564 483
238 229 674 589
203 249 238 490
309 303 675 564
140 491 673 490
421 422 420 472
396 179 395 533
395 568 574 533
405 395 574 533
534 537 533 532
84 416 405 532
359 179 396 533
359 533 396 532
326 325 345 190
196 534 193 533
511 695 505 508
95 694 96 505
79 522 75 523
358 197 196 535
75 82 525 524
72 75 531 523
79 522 523 657
653 498 657 656
658 673 575 495
251 231 575 495
319 318 314 609
141 251 673 479
422 382 424 278
144 448 449 451
50 48 704 682
50 687 704 698
539 666 704 540
666 516 704 540
516 705 704 540
248 213 214 156
342 257 341 619
341 216 158 619
255 158 216 619
182 619 678 665
341 188 343 619
341 328 188 158
4 556 21 631
702 703 556 631
32 570 557 624
39 34 38 624
35 624 39 614
35 572 570 614
32 35 570 624
557 624 622 623
64 279 265 543
265 279 273 543
414 415 413 635
61 63 542 685
335 86 336 354
6 147 171 571
383 273 377 543
410 414 638 543
453 609 456 610
701 696 695 700
159 701 154 700
9 218 243 700
9 243 696 700
2 9 696 700
637 615 542 634
101 102 92 626
61 542 638 685
274 279 542 543
283 542 284 615
95 511 694 505
511 695 694 505
511 695 696 694
316 317 672 575
95 511 699 694
511 629 699 694
288 688 618 686
291 698 596 688
596 698 687 688
269 54 291 688
269 291 282 688
438 424 437 475
438 437 464 475
123 438 461 475
474 649 473 650
461 475 650 470
142 135 445 606
606 640 607 689
138 131 606 689
135 606 131 640
445 135 454 606
135 454 606 660
451 456 455 538
142 606 453 610
135 606 659 660
501 512 502 602
510 602 501 605
510 501 603 605
501 500 512 531
501 531 603 605
166 169 181 602
63 62 267 547
169 501 181 602
169 500 184 499
169 181 501 499
512 656 500 499
653 498 656 499
366 364 418 598
367 366 418 598
418 364 581 598
417 535 536 599
367 418 417 599
584 536 628 599
384 393 362 697
96 695 694 477
160 161 630 541
695 696 694 477
96 694 642 477
244 642 240 477
335 86 354 586
220 10 242 477
15 554 693 555
55 51 50 687
241 245 244 477
15 693 232 555
310 648 675 676
462 310 431 676
462 648 676 651
431 311 458 676
458 660 676 667
675 659 660 651
13 476 234 692
646 691 693 692
223 234 233 692
553 693 691 692
2 16 17 629
14 553 44 692
13 44 691 692
61 59 63 685
388 408 402 469
103 670 587 588
98 407 588 468
465 591 468 466
144 141 143 538
43 465 469 466
465 591 587 468
344 348 655 550
344 655 189 550
338 549 348 550
338 348 349 550
189 655 653 550
190 653 671 550
647 492 608 689
494 690 496 689
494 496 492 689
131 690 640 689
136 608 492 689
606 607 608 689
268 282 281 686
282 688 288 686
687 618 688 686
62 268 281 686
408 684 412 588
669 685 684 588
669 684 469 588
669 670 685 588
387 408 469 684
387 61 409 684
125 566 115 562
27 30 28 514
637 620 621 562
115 620 637 562
124 125 562 482
124 635 563 562
559 490 493 489
492 493 491 489
647 672 491 493
559 490 674 493
672 490 493 589
136 492 137 487
683 593 682 681
516 681 593 517
666 516 518 681
680 681 518 517
595 626 594 517
539 683 682 681
105 518 680 681
116 105 680 681
79 78 337 657
337 349 350 657
345 349 550 657
79 523 74 657
74 549 657 656
549 653 550 657
392 36 391 399
11 24 641 478
24 645 641 478
641 642 548 478
641 645 476 478
12 11 221 478
458 432 457 667
144 440 201 251
457 667 318 609
432 318 457 667
311 676 679 667
66 209 253 528
209 65 252 528
255 528 678 662
254 678 255 528
65 68 677 528
675 676 648 651
459 639 460 651
463 648 651 471
463 648 462 651
459 660 659 651
227 558 555 560
262 227 228 560
299 261 674 560
558 555 560 552
236 227 555 560
486 560 559 552
238 490 249 589
238 674 490 589
672 673 490 589
674 493 490 589
672 575 673 589
260 230 316 589
316 575 672 589
336 350 354 601
198 627 585 601
627 526 585 586
198 671 627 601
346 350 671 601
346 324 351 601
347 664 619 665
344 655 348 665
348 664 347 665
343 327 344 188
327 189 344 188
344 189 655 665
189 182 503 665
113 98 373 588
113 670 103 588
113 373 412 588
113 638 670 588
155 154 508 668
247 154 212 668
212 213 248 668
247 246 505 668
247 505 508 668
43 57 60 669
213 155 156 668
457 433 456 609
452 453 456 610
318 667 607 609
314 607 611 609
210 253 256 662
437 424 382 278
117 110 106 666
255 619 256 662
116 117 539 617
663 619 664 665
210 66 253 662
459 460 463 651
317 658 575 495
119 112 111 661
135 659 444 660
455 435 450 495
320 611 658 495
109 206 244 240
427 258 231 495
435 427 450 495
523 657 498 656
500 531 523 656
653 503 654 655
132 471 474 470
472 474 652 473
461 475 464 650
424 475 423 473
420 472 473 470
474 650 473 470
437 436 428 278
133 639 474 471
133 132 442 471
134 130 133 639
133 474 132 471
639 651 648 471
442 132 461 471
460 463 651 471
474 648 649 471
464 649 463 650
464 475 473 650
474 471 649 650
460 461 463 471
461 463 471 650
463 649 648 471
297 294 561 488
294 597 596 488
313 493 647 488
497 596 597 488
497 488 597 487
486 493 488 489
297 486 493 488
486 559 493 489
646 645 476 643
240 476 642 643
239 646 476 643
644 641 645 643
641 642 476 643
128 130 640 481
125 127 566 482
127 565 639 481
414 638 543 634
106 102 101 518
274 543 542 634
637 542 638 634
637 636 615 634
414 636 635 634
96 206 207 244
414 543 378 634
378 274 275 634
17 633 20 541
161 504 630 541
2 17 3 630
510 633 629 541
20 633 556 541
315 314 312 632
4 556 631 541
629 630 507 541
510 629 507 541
584 526 534 536
584 585 628 530
118 137 119 487
193 534 195 530
193 529 534 530
584 628 534 530
199 628 585 530
199 585 194 530
627 585 526 530
193 192 529 530
23 625 29 623
29 625 513 623
625 626 513 623
624 594 612 623
23 557 556 623
556 557 622 623
85 536 584 599
88 356 598 599
367 598 418 599
22 25 28 521
85 367 417 599
620 615 621 616
620 484 617 616
342 343 347 619
617 597 618 616
284 615 544 616
572 467 590 614
591 590 467 614
37 572 35 614
612 591 613 614
143 608 138 610
142 138 606 610
143 142 446 610
608 611 609 610
453 606 609 610
606 608 609 610
606 608 607 609
510 604 504 605
167 504 604 605
510 501 512 603
510 512 501 602
355 601 585 586
355 354 601 586
357 321 200 582
107 108 94 600
334 335 355 586
335 354 355 586
356 581 598 599
497 596 539 597
87 526 82 586
322 199 200 585
592 595 594 517
49 593 592 517
144 447 448 451
98 588 587 468
98 587 99 468
99 591 590 468
250 575 230 589
407 469 588 468
465 587 469 468
97 406 407 468
352 355 585 583
334 355 584 586
355 585 584 586
355 584 585 583
352 585 322 583
322 585 200 583
88 584 334 583
353 582 581 583
580 568 574 569
573 579 578 569
576 577 570 569
576 570 567 569
258 575 231 495
573 574 568 569
33 570 572 569
33 571 570 569
175 568 567 569
566 481 480 482
564 481 565 482
127 565 481 482
303 564 485 483
485 563 562 482
124 127 125 482
295 561 551 552
559 560 555 552
554 555 558 552
21 556 23 557
553 555 554 552
293 295 551 552
78 549 338 550
16 18 19 548
267 281 280 547
63 545 58 547
266 280 279 547
279 284 542 547
266 267 280 547
62 58 546 547
544 546 545 547
64 542 279 543
510 507 504 541
416 536 417 532
534 535 536 532
118 539 497 540
144 143 447 538
84 405 537 532
84 537 536 532
417 536 535 532
196 534 533 532
405 396 533 532
397 196 359 532
75 531 523 524
500 523 531 524
529 526 530 524
529 525 526 524
254 255 253 528
187 500 527 524
82 526 525 524
75 523 522 524
519 520 518 514
515 521 520 514
516 519 518 514
516 518 517 514
27 28 25 514
27 515 30 514
28 31 513 514
94 510 511 506
94 69 512 506
204 239 112 237
510 507 511 506
507 509 508 506
95 505 69 506
161 167 164 504
183 503 502 499
169 501 500 499
186 184 498 499
136 496 492 487
117 118 497 487
117 497 496 487
435 320 258 495
494 488 492 487
491 493 490 489
492 487 488 489
140 491 490 489
486 488 487 489
301 484 289 483
289 484 480 483
484 482 480 483
484 485 482 483
480 482 481 483
144 251 141 479
123 376 423 420
241 477 476 478
423 420 473 470
423 473 475 470
123 122 376 420
472 474 473 470
123 439 438 423
441 123 439 461
132 461 471 470
123 126 122 470
42 43 389 466
407 469 468 466
42 401 467 466
43 41 465 466
10
332 10000 0 0
333 10000 0 0
334 10000 0 0
335 10000 0 0
336 10000 0 0
337 10000 0 0
338 10000 0 0
339 10000 0 0
340 10000 0 0
366 10000 0 0
40
425
426
427
428
429
430
431
432
433
434
435
436
437
438
439
440
441
442
443
444
445
446
447
448
449
450
451
452
453
454
455
456
457
458
459
460
461
462
463
464